514 -427
383 870
-386 -28
231 -417
-764 695
-873 -158
-43 -495
371 745
-20 507
928 -606
398 920
66 219
-145 659
128 -186
-752 806
356 -375
-154 41
526 133
-153 518
152 720
62 -795
-428 945
206 -599
-462 -585
434 822
-370 135
-61 -947
-874 -895
-429 -859
377 174
-538 -952
-390 -169
336 999
692 -619
825 -821
-41 352
-83 633
-127 -362
-703 -815
729 139
912 643
-556 -473
-733 351
298 593
415 88
642 678
583 -125
698 -59
114 -430
243 -534
-152 775
313 -939
-137 -153
-751 566
514 590
-341 840
392 392
54 -729
-542 -205
-238 -449
-26 175
913 -94
569 622
327 -330
578 30
689 137
793 112
-734 -495
718 484
-360 133
181 -717
-436 -847
-961 488
504 -758
469 -356
468 431
-995 -770
-679 -521
79 -389
-122 -675
-175 -513
-175 -683
-321 616
-523 986
-74 -542
-967 -251
463 501
562 108
793 872
-161 501
-833 880
-63 -667
601 -839
574 -551
-402 -353
-981 -144
-378 41
-970 -749
382 -957
422 514
373 999
106 301
723 728
-194 -405
-886 730
-547 -614
420 913
-720 -44
92 -444
964 -661
-936 -131
457 -623
676 -511
-698 -58
554 -57
-694 -242
-707 -554
590 110
182 -641
-537 755
645 276
-201 -304
601 -141
-894 338
-614 -572
254 561
83 -901
932 -11
382 -679
-380 754
-184 -395
-795 -798
-157 867
713 -466
186 -753
894 -903
863 376
-959 872
736 -916
302 -750
-679 -21
-686 464
-61 -918
529 -816
649 -489
-300 364
379 244
-198 530
-885 258
-801 -704
-683 44
538 175
-4 -356
-640 -887
191 413
646 311
-949 815
-781 -709
-518 641
-604 -810
-631 830
-342 408
-873 470
-178 930
-599 -552
804 153
-374 73
-3 -470
800 211
614 -460
-118 221
-898 -698
-667 -717
693 -282
830 66
432 -741
-510 770
-871 -296
-816 16
-188 566
608 -953
-644 -404
-162 187
-997 -338
-914 721
-104 943
-925 766
-853 -812
-101 91
-516 -474
930 -46
-726 -573
567 -649
711 658
-949 -426
640 -734
629 -763
331 -818
499 21
713 -738
-244 -469
-149 285
80 -75
112 -253
-96 875
316 -433
698 -428
-235 146
-323 658
967 -118
-53 -309
-376 841
-548 -587
-363 -878
-609 125
-486 -48
396 83
881 -925
757 662
386 456
586 984
-759 627
-437 29
-202 460
-488 -219
237 867
709 564
365 -895
-663 779
-530 572
886 -572
-829 807
-77 -577
-928 -844
84 292
997 -153
171 452
-952 760
-776 385
-432 404
-276 -858
-819 -639
315 292
6 -260
-432 763
10 241
-902 -239
-520 854
788 -766
346 117
35 900
92 484
280 69
475 338
341 -269
-856 -64
-196 -248
715 -151
-269 -911
52 -944
436 361
-851 -491
-79 294
-148 -157
693 -208
-251 -695
613 377
523 -302
-699 462
247 516
-377 344
225 -366
30 -865
683 382
-512 540
-434 -817
394 9
-68 -6
974 -136
580 -800
-840 669
-797 276
-802 136
-616 535
-987 -317
-144 242
544 916
496 -785
-636 95
513 -779
7 588
870 734
-618 -896
-215 -842
-858 -197
-141 -254
-606 -707
746 -853
-701 981
-188 342
894 -296
-950 321
-234 858
408 171
947 -467
481 529
-469 -317
-976 -911
-564 865
-167 -467
139 290
-99 -643
279 148
237 913
423 -348
-875 34
-686 -719
186 964
-467 223
-498 347
-402 -357
-208 -586
336 294
-527 -916
-881 -688
688 97
-205 994
-136 -267
602 295
-401 -102
894 344
495 545
-522 915
338 288
-473 -137
-490 -543
571 703
208 489
-630 -280
396 739
421 65
339 -119
-766 -546
341 654
-96 -471
-458 651
-804 678
-219 -891
29 176
-185 631
954 -795
403 898
-996 812
-570 957
350 -450
-650 442
400 -744
-316 -650
-694 -5
-389 -436
-818 -306
-715 -680
150 -895
-324 627
381 190
189 -160
665 -546
-535 145
-778 294
742 -553
286 -292
-557 -588
20 -919
-72 -210
-959 -563
859 67
-11 858
-305 996
-513 174
-57 -785
-808 -576
-87 -579
329 758
365 -76
509 -367
868 554
641 -954
-682 -377
-745 -647
-12 469
-182 280
332 919
-948 881
-678 259
443 417
267 829
-189 -902
381 482
349 672
-397 -402
356 -399
-491 666
440 -81
-732 -539
427 987
330 -674
-919 -721
-944 171
438 791
73 265
-305 445
364 -975
-446 385
63 -269
249 -575
846 -782
-271 -838
-437 188
617 843
-608 628
-506 -45
-464 509
-221 71
427 -779
886 -799
-336 571
830 -217
828 -689
-152 279
-335 -987
273 365
403 630
38 849
443 -941
-873 -32
350 294
-342 469
-584 -105
-885 259
-750 951
481 -894
-509 -499
348 -205
-638 -885
90 -270
297 -148
970 487
-715 -548
952 985
890 -860
-10 848
-188 -208
-709 165
-792 287
-395 -280
56 -217
699 93
86 306
-99 53
-272 -360
589 676
89 -469
-346 -316
-295 713
-438 790
-998 -462
891 336
-973 -490
655 983
-46 361
-554 -390
642 -777
151 -8
-3 -834
118 -496
682 972
-638 -413
631 -170
-212 312
50 -991
274 92
833 -495
-136 -637
977 668
-488 752
-724 826
257 -356
292 -436
-165 -793
140 38
-742 -328
101 25
128 -334
-251 -239
765 886
757 -744
-542 -897
-399 -778
548 -866
882 358
-693 -350
440 550
362 -269
-191 -918
-759 -900
-313 525
-195 -285
965 325
730 -330
-487 -207
-81 -141
-987 786
239 -381
416 -556
-544 677
762 56
-468 -861
636 -561
-795 -477
-467 -859
918 940
370 823
948 -141
541 -782
883 817
-362 -518
-139 354
599 979
-67 -179
560 -144
-526 -901
107 102
-513 118
27 -469
-329 -625
-371 -959
-699 892
-975 521
178 -708
-814 213
592 537
591 -1
291 -551
558 719
-385 -800
455 -531
189 149
-436 3
-377 495
8 350
-350 764
-459 529
476 -81
-152 822
-997 788
935 -78
-475 784
-726 196
-162 58
-529 666
-597 -449
312 -865
-491 -521
-817 -699
889 -958
-231 11
93 334
-872 299
-979 -727
187 -317
-685 829
-640 845
-459 -340
634 -211
-456 905
-259 295
-141 225
-74 811
702 -732
744 718
-231 548
881 -698
-39 -823
-325 -558
-99 -642
158 19
463 475
-77 634
998 304
323 -736
-313 267
189 828
764 135
519 116
365 257
-756 4
491 71
-508 -380
-212 -496
465 -887
-544 -878
-555 826
-558 -28
-655 493
314 160
-583 654
-945 740
-285 -741
-342 262
190 -593
-171 -382
559 -663
-590 -207
774 -696
953 903
-305 229
9 473
-892 669
-560 -854
-736 762
982 -143
-657 -947
-669 -568
-734 -534
-608 -14
-594 607
651 458
-652 498
-380 501
-901 999
980 340
-456 539
878 -664
-256 784
-258 -687
772 -476
-531 933
875 -880
-185 826
-882 -645
275 960
125 -727
609 -946
767 67
435 -809
-826 -236
-974 -24
-415 -387
-767 562
-405 901
798 -898
-527 49
213 -462
-896 652
191 -930
-132 -93
295 227
462 992
269 305
309 32
996 491
317 -493
438 -550
-3 976
-169 -54
-38 -718
902 245
729 -525
928 -678
818 -716
-481 -950
32 -554
-784 -769
293 -392
498 -503
394 781
-790 -394
627 409
-252 76
177 152
484 342
-622 -421
266 -950
947 816
-413 -397
-715 844
796 -880
765 -440
-766 -744
646 -330
-843 296
-207 94
459 -214
-756 425
736 -717
-143 -263
155 634
-443 499
572 -736
-239 -150
-990 -224
-451 121
-23 869
-568 845
-848 -78
-812 -483
969 -14
-193 -425
233 -787
380 -456
927 -445
96 503
-958 808
232 542
178 -804
839 502
-991 -298
-978 -705
-597 -292
-300 -887
47 2
-955 -111
-846 -820
-969 -805
-759 -190
503 -103
916 783
658 117
-725 21
-592 113
-624 354
-518 536
-445 231
-244 -992
724 -214
726 -449
-941 -710
-180 823
132 650
-994 0
-849 -531
-590 496
723 780
204 -343
-870 742
495 -817
-584 -491
-226 -748
557 57
-805 -654
602 -29
625 -539
656 320
781 -989
-380 864
679 792
334 914
911 658
-783 -690
754 -971
-715 14
-773 332
-160 522
-650 206
-157 -946
-688 -903
960 618
-966 701
-86 -857
-340 615
165 529
231 -312
828 453
-461 -542
433 -776
-569 -273
-17 449
38 157
-325 -764
662 410
569 -884
685 -616
-581 -348
-508 141
-140 -525
781 -23
187 674
-527 837
-933 -758
274 693
-793 767
479 361
-933 -493
-714 534
-115 248
451 668
-574 198
-313 -989
-418 373
-860 391
355 376
229 -707
810 -282
666 -591
192 -154
288 942
-761 -666
95 -584
702 40
990 -694
-773 634
65 743
276 912
594 -193
-147 801
14 -624
811 10
102 -762
199 -382
-555 113
351 -84
-175 545
342 -302
-357 785
11 69
-351 -3
632 606
803 -447
-367 -737
-126 751
-4 523
-588 -404
-736 -946
869 936
981 -518
-73 -727
235 208
522 851
-937 -201
-906 518
632 -308
-411 19
-280 -281
-114 -292
414 293
924 568
96 135
925 -17
-363 647
694 152
-824 -814
516 -867
841 -42
-563 -793
382 -759
-75 476
199 -285
77 -575
-641 -822
261 621
-482 -712
274 157
-964 651
-181 173
895 472
973 473
-27 -947
-705 -736
-483 834
415 -478
192 299
-837 -682
861 461
28 747
2 -182
-611 201
-665 -357
25 -30
900 -23
-670 650
498 439
-914 144
895 480
828 -872
-341 -344
-603 87
608 -254
781 858
-754 -290
728 -381
548 652
697 738
-101 882
-506 748
-516 421
375 250
-366 -105
766 -128
762 974
-976 216
-489 -659
-367 506
-46 -463
238 -485
766 -342
-220 480
-87 740
238 701
-561 49
-901 382
969 -267
-322 16
627 93
-673 765
618 492
223 -413
964 372
985 -112
522 205
371 -148
64 -426
-108 355
-42 -731
-561 -354
887 -164
-178 956
926 -710
-310 -302
600 -981
-538 -756
580 -162
-948 -433
167 -79
-177 493
173 -182
-864 851
-422 548
-981 -862
-178 260
-719 680
166 -152
417 -197
207 -997
336 370
262 999
600 -512
-997 -585
44 14
260 -280
73 -653
-754 -948
-9 386
590 410
-433 -767
-619 -411
-840 -175
578 839
-966 -913
97 -406
-525 -538
225 -284
-121 -898
35 636
-222 -187
-561 285
-439 968
369 -986
143 207
512 491
723 -62
943 -533
-937 -852
253 911
699 811
-473 -404
152 256
-131 -571
-711 537
913 385
-269 232
795 260
-11 640
282 -596
474 -532
-746 -965
315 140
-527 411
898 -260
524 -845
746 -461
-795 -507
82 -555
93 -271
-288 341
-376 -215
354 795
78 -254
-273 558
-962 852
876 -642
