514 -427
383 870
-386 -28
231 -417
-764 695
-873 -158
-43 -495
371 745
-20 507
928 -606
398 920
66 219
-145 659
128 -186
-752 806
356 -375
-154 41
526 133
-153 518
152 720
62 -795
-428 945
206 -599
-462 -585
434 822
-370 135
-61 -947
-874 -895
-429 -859
377 174
-538 -952
-390 -169
336 999
692 -619
825 -821
-41 352
-83 633
-127 -362
-703 -815
729 139
912 643
-556 -473
-733 351
298 593
415 88
642 678
583 -125
698 -59
114 -430
243 -534
-152 775
313 -939
-137 -153
-751 566
514 590
-341 840
392 392
54 -729
-542 -205
-238 -449
-26 175
913 -94
569 622
327 -330
578 30
689 137
793 112
-734 -495
718 484
-360 133
181 -717
-436 -847
-961 488
504 -758
469 -356
468 431
-995 -770
-679 -521
79 -389
-122 -675
-175 -513
-175 -683
-321 616
-523 986
-74 -542
-967 -251
463 501
562 108
793 872
-161 501
-833 880
-63 -667
601 -839
574 -551
-402 -353
-981 -144
-378 41
-970 -749
382 -957
422 514
373 999
106 301
723 728
-194 -405
-886 730
-547 -614
420 913
-720 -44
92 -444
964 -661
-936 -131
457 -623
676 -511
-698 -58
554 -57
-694 -242
-707 -554
590 110
182 -641
-537 755
645 276
-201 -304
601 -141
-894 338
-614 -572
254 561
83 -901
932 -11
382 -679
-380 754
-184 -395
-795 -798
-157 867
713 -466
186 -753
894 -903
863 376
-959 872
736 -916
302 -750
-679 -21
-686 464
-61 -918
529 -816
649 -489
-300 364
379 244
-198 530
-885 258
-801 -704
-683 44
538 175
-4 -356
-640 -887
191 413
646 311
-949 815
-781 -709
-518 641
-604 -810
-631 830
-342 408
-873 470
-178 930
-599 -552
804 153
-374 73
-3 -470
800 211
614 -460
-118 221
-898 -698
-667 -717
693 -282
830 66
432 -741
-510 770
-871 -296
-816 16
-188 566
608 -953
-644 -404
-162 187
-997 -338
-914 721
-104 943
-925 766
-853 -812
-101 91
-516 -474
930 -46
-726 -573
567 -649
711 658
-949 -426
640 -734
629 -763
331 -818
499 21
713 -738
-244 -469
-149 285
80 -75
112 -253
-96 875
316 -433
698 -428
-235 146
-323 658
967 -118
-53 -309
-376 841
-548 -587
-363 -878
-609 125
-486 -48
396 83
881 -925
757 662
386 456
586 984
-759 627
-437 29
-202 460
-488 -219
237 867
709 564
365 -895
-663 779
-530 572
886 -572
-829 807
-77 -577
-928 -844
84 292
997 -153
171 452
-952 760
-776 385
-432 404
-276 -858
-819 -639
315 292
6 -260
-432 763
10 241
-902 -239
-520 854
788 -766
346 117
35 900
92 484
280 69
475 338
341 -269
-856 -64
-196 -248
715 -151
-269 -911
52 -944
436 361
-851 -491
-79 294
-148 -157
693 -208
-251 -695
613 377
523 -302
-699 462
247 516
-377 344
225 -366
30 -865
683 382
-512 540
-434 -817
394 9
-68 -6
974 -136
580 -800
-840 669
-797 276
-802 136
-616 535
-987 -317
-144 242
544 916
496 -785
-636 95
513 -779
7 588
870 734
-618 -896
-215 -842
-858 -197
-141 -254
-606 -707
746 -853
-701 981
-188 342
894 -296
-950 321
-234 858
408 171
947 -467
481 529
-469 -317
-976 -911
-564 865
-167 -467
139 290
-99 -643
279 148
237 913
423 -348
-875 34
-686 -719
186 964
-467 223
-498 347
-402 -357
-208 -586
336 294
-527 -916
-881 -688
688 97
-205 994
-136 -267
602 295
-401 -102
894 344
495 545
-522 915
338 288
-473 -137
-490 -543
571 703
208 489
-630 -280
396 739
421 65
339 -119
-766 -546
341 654
-96 -471
-458 651
-804 678
-219 -891
29 176
-185 631
954 -795
403 898
-996 812
-570 957
350 -450
-650 442
400 -744
-316 -650
-694 -5
-389 -436
-818 -306
-715 -680
150 -895
-324 627
381 190
189 -160
665 -546
-535 145
-778 294
742 -553
286 -292
-557 -588
20 -919
-72 -210
-959 -563
859 67
-11 858
-305 996
-513 174
-57 -785
-808 -576
-87 -579
329 758
365 -76
509 -367
868 554
641 -954
-682 -377
-745 -647
-12 469
-182 280
332 919
-948 881
-678 259
443 417
267 829
-189 -902
381 482
349 672
-397 -402
356 -399
-491 666
440 -81
-732 -539
427 987
330 -674
-919 -721
-944 171
438 791
73 265
-305 445
364 -975
-446 385
63 -269
249 -575
846 -782
-271 -838
-437 188
617 843
-608 628
-506 -45
-464 509
-221 71
427 -779
886 -799
-336 571
830 -217
828 -689
-152 279
-335 -987
273 365
403 630
38 849
443 -941
-873 -32
350 294
-342 469
-584 -105
-885 259
-750 951
481 -894
-509 -499
348 -205
-638 -885
90 -270
297 -148
970 487
-715 -548
952 985
890 -860
-10 848
-188 -208
-709 165
-792 287
-395 -280
56 -217
699 93
86 306
-99 53
-272 -360
589 676
89 -469
-346 -316
-295 713
-438 790
-998 -462
891 336
-973 -490
655 983
-46 361
-554 -390
642 -777
151 -8
-3 -834
118 -496
682 972
-638 -413
631 -170
-212 312
50 -991
274 92
833 -495
-136 -637
977 668
-488 752
-724 826
257 -356
292 -436
-165 -793
140 38
-742 -328
101 25
128 -334
-251 -239
765 886
757 -744
-542 -897
-399 -778
548 -866
882 358
-693 -350
440 550
362 -269
-191 -918
-759 -900
-313 525
-195 -285
965 325
730 -330
-487 -207
-81 -141
-987 786
239 -381
416 -556
-544 677
762 56
-468 -861
636 -561
-795 -477
-467 -859
918 940
370 823
948 -141
541 -782
883 817
-362 -518
-139 354
599 979
-67 -179
560 -144
-526 -901
107 102
-513 118
27 -469
-329 -625
-371 -959
-699 892
-975 521
178 -708
-814 213
592 537
591 -1
291 -551
558 719
-385 -800
455 -531
189 149
-436 3
-377 495
8 350
-350 764
-459 529
476 -81
-152 822
-997 788
935 -78
-475 784
-726 196
-162 58
-529 666
-597 -449
312 -865
-491 -521
-817 -699
889 -958
-231 11
93 334
-872 299
-979 -727
187 -317
-685 829
-640 845
-459 -340
634 -211
-456 905
-259 295
-141 225
-74 811
702 -732
744 718
-231 548
881 -698
-39 -823
-325 -558
-99 -642
158 19
463 475
-77 634
998 304
323 -736
-313 267
189 828
764 135
519 116
365 257
-756 4
491 71
-508 -380
-212 -496
465 -887
-544 -878
-555 826
-558 -28
-655 493
314 160
-583 654
-945 740
-285 -741
-342 262
190 -593
-171 -382
559 -663
-590 -207
774 -696
953 903
-305 229
9 473
-892 669
-560 -854
-736 762
982 -143
-657 -947
-669 -568
-734 -534
-608 -14
-594 607
651 458
-652 498
-380 501
-901 999
980 340
-456 539
878 -664
-256 784
-258 -687
772 -476
-531 933
875 -880
-185 826
-882 -645
275 960
125 -727
609 -946
767 67
435 -809
-826 -236
-974 -24
-415 -387
-767 562
-405 901
798 -898
-527 49
213 -462
-896 652
191 -930
-132 -93
295 227
462 992
269 305
309 32
996 491
317 -493
438 -550
-3 976
-169 -54
-38 -718
902 245
729 -525
928 -678
818 -716
-481 -950
32 -554
-784 -769
293 -392
498 -503
394 781
-790 -394
627 409
-252 76
177 152
484 342
-622 -421
266 -950
947 816
-413 -397
-715 844
796 -880
765 -440
-766 -744
646 -330
-843 296
-207 94
459 -214
-756 425
736 -717
-143 -263
155 634
-443 499
572 -736
-239 -150
-990 -224
-451 121
-23 869
-568 845
-848 -78
-812 -483
969 -14
-193 -425
233 -787
380 -456
927 -445
96 503
-958 808
232 542
178 -804
839 502
-991 -298
-978 -705
-597 -292
-300 -887
47 2
-955 -111
-846 -820
-969 -805
-759 -190
503 -103
916 783
658 117
-725 21
-592 113
-624 354
-518 536
-445 231
-244 -992
724 -214
726 -449
-941 -710
-180 823
132 650
-994 0
-849 -531
-590 496
723 780
204 -343
-870 742
495 -817
-584 -491
-226 -748
557 57
-805 -654
602 -29
625 -539
656 320
781 -989
-380 864
679 792
334 914
911 658
-783 -690
754 -971
-715 14
-773 332
-160 522
-650 206
-157 -946
-688 -903
960 618
-966 701
-86 -857
-340 615
165 529
231 -312
828 453
-461 -542
433 -776
-569 -273
-17 449
38 157
-325 -764
662 410
569 -884
685 -616
-581 -348
-508 141
-140 -525
781 -23
187 674
-527 837
-933 -758
274 693
-793 767
479 361
-933 -493
-714 534
-115 248
451 668
-574 198
-313 -989
-418 373
-860 391
355 376
229 -707
810 -282
666 -591
192 -154
288 942
-761 -666
95 -584
702 40
990 -694
-773 634
65 743
276 912
594 -193
-147 801
14 -624
811 10
102 -762
199 -382
-555 113
351 -84
-175 545
342 -302
-357 785
11 69
-351 -3
632 606
803 -447
-367 -737
-126 751
-4 523
-588 -404
-736 -946
869 936
981 -518
-73 -727
235 208
522 851
-937 -201
-906 518
632 -308
-411 19
-280 -281
-114 -292
414 293
924 568
96 135
925 -17
-363 647
694 152
-824 -814
516 -867
841 -42
-563 -793
382 -759
-75 476
199 -285
77 -575
-641 -822
261 621
-482 -712
274 157
-964 651
-181 173
895 472
973 473
-27 -947
-705 -736
-483 834
415 -478
192 299
-837 -682
861 461
28 747
2 -182
-611 201
-665 -357
25 -30
900 -23
-670 650
498 439
-914 144
895 480
828 -872
-341 -344
-603 87
608 -254
781 858
-754 -290
728 -381
548 652
697 738
-101 882
-506 748
-516 421
375 250
-366 -105
766 -128
762 974
-976 216
-489 -659
-367 506
-46 -463
238 -485
766 -342
-220 480
-87 740
238 701
-561 49
-901 382
969 -267
-322 16
627 93
-673 765
618 492
223 -413
964 372
985 -112
522 205
371 -148
64 -426
-108 355
-42 -731
-561 -354
887 -164
-178 956
926 -710
-310 -302
600 -981
-538 -756
580 -162
-948 -433
167 -79
-177 493
173 -182
-864 851
-422 548
-981 -862
-178 260
-719 680
166 -152
417 -197
207 -997
336 370
262 999
600 -512
-997 -585
44 14
260 -280
73 -653
-754 -948
-9 386
590 410
-433 -767
-619 -411
-840 -175
578 839
-966 -913
97 -406
-525 -538
225 -284
-121 -898
35 636
-222 -187
-561 285
-439 968
369 -986
143 207
512 491
723 -62
943 -533
-937 -852
253 911
699 811
-473 -404
152 256
-131 -571
-711 537
913 385
-269 232
795 260
-11 640
282 -596
474 -532
-746 -965
315 140
-527 411
898 -260
524 -845
746 -461
-795 -507
82 -555
93 -271
-288 341
-376 -215
354 795
78 -254
-273 558
-962 852
876 -642
-542 -482
-85 432
-242 313
-866 -233
194 -633
217 -997
271 -248
-314 -599
134 585
657 855
-612 25
212 786
986 41
-819 886
144 48
794 281
538 424
775 -76
-838 425
831 -241
245 -433
158 776
106 -470
-569 16
988 -110
673 -30
-735 -107
588 -383
-428 799
626 -83
325 117
344 -111
-369 -642
995 -484
-550 -514
392 874
-377 -529
588 14
-391 -961
-646 446
-525 -575
-445 523
988 256
911 12
47 -777
609 790
-1 -442
649 -678
-216 -222
-829 -373
657 892
-643 746
525 236
-586 -272
448 458
-686 423
-145 936
-406 -731
48 -689
704 -538
529 -139
832 837
772 -296
-78 -520
88 -278
107 -651
-205 249
563 -524
59 41
-894 482
724 48
-460 990
211 189
-436 437
289 422
-572 -91
540 797
-62 319
711 639
-762 -978
-590 89
-880 975
436 -169
750 44
-844 410
-365 745
-216 212
611 473
372 -285
91 749
180 -216
126 635
-27 436
138 -920
285 462
-294 -654
203 -733
996 -276
-167 -326
721 -202
-242 -797
365 -408
384 -885
564 555
-570 350
-227 900
700 -726
259 -962
528 684
-306 -237
313 -758
257 -826
599 -676
-340 -448
677 -425
769 -458
-53 -840
100 307
-576 -327
11 -281
797 -989
437 27
-739 -880
119 -96
720 731
577 -460
-353 -41
-449 -352
-583 649
140 -784
284 658
593 47
-528 -291
299 223
605 194
859 802
-548 -636
567 889
-165 -483
653 326
890 -76
-953 -657
-669 24
618 210
391 -68
776 63
-877 -977
-570 -57
-303 -26
344 -433
730 409
104 17
-695 983
806 -337
-181 662
-775 772
-205 891
596 -39
-102 146
-396 753
-221 715
-507 434
876 -911
-157 -160
-655 808
-146 -392
-901 803
872 -378
870 -257
-488 467
-544 -977
913 382
-580 -348
380 -602
327 -119
-735 -143
498 441
-283 -676
333 -867
-851 544
-267 -442
-719 637
901 -445
-68 534
712 464
976 968
-354 -213
902 -168
924 -156
-205 632
142 64
566 230
-488 -614
-803 882
-838 -425
-328 793
-911 -972
741 -990
-182 -386
-934 -827
370 334
-430 467
665 -801
-626 422
-746 -883
-51 -890
691 988
310 -348
920 434
930 -649
-619 290
983 32
9 -346
-530 -212
976 -504
550 -809
-710 925
-366 -89
214 958
-515 -676
-867 709
686 513
43 865
646 175
903 -91
982 495
-796 195
862 714
-351 -368
224 911
763 -12
595 -449
-526 161
212 -215
728 30
534 -483
-266 479
-662 -81
-231 514
-214 10
-119 -856
-385 -769
923 333
-350 -855
812 -681
303 381
861 -137
454 787
959 -49
364 987
132 993
830 367
-587 -881
-747 -188
753 -492
-939 379
178 29
815 330
-132 54
-441 -462
-337 -179
463 -900
108 -619
530 901
-987 -710
-434 884
-612 267
-856 -652
-867 649
531 786
-520 -870
-805 565
-970 -918
428 388
-227 687
896 584
-962 920
-491 -464
-148 -606
-84 859
-313 678
-978 -122
790 -767
-135 529
899 801
536 992
49 -151
449 299
616 -990
-472 162
145 -849
433 -879
493 -581
771 -900
543 -351
711 -41
154 -809
-160 325
213 -649
980 219
-68 -85
840 -337
912 197
-853 -478
-210 217
-439 520
748 920
687 208
80 -358
-786 -172
427 -602
-712 -497
450 -911
8 677
-2 401
462 292
905 -628
-984 821
-87 162
908 527
-342 -668
481 760
-845 815
-306 -183
-678 -455
-518 -867
515 -553
-957 -955
355 616
-598 -613
-556 370
651 337
417 -985
618 -714
769 451
-919 -284
736 -571
678 -503
825 807
-543 -881
-432 492
-133 -806
603 502
-133 590
161 -15
-294 619
-661 943
-242 -746
327 96
371 -203
-389 -899
-827 -954
438 946
475 -692
-350 -954
429 791
598 424
630 256
40 487
628 -978
799 254
-564 663
-249 155
187 7
382 523
247 934
-213 67
21 137
-466 861
707 -985
-606 -451
69 -378
-209 447
477 802
957 -768
-685 -583
99 453
-716 -650
445 299
87 903
203 556
-309 125
-202 -245
-820 -175
-931 -724
884 -499
-402 771
382 -626
-335 -713
-251 212
-818 579
539 467
-657 -519
-969 -327
319 179
-858 732
306 103
-319 -769
62 -122
-817 -431
727 850
657 -269
601 -230
587 900
-738 -717
115 75
-849 932
354 -497
-985 -338
-985 -634
-524 134
-645 -999
246 593
-593 624
-342 27
481 -49
704 -829
-658 -500
455 71
-175 492
-325 359
25 794
741 409
-279 -141
257 376
473 929
-867 -343
890 641
-67 77
-985 -861
939 444
199 190
-501 804
990 -915
477 -35
771 90
956 488
573 -907
-973 884
358 -638
-257 748
786 764
160 -224
-968 -311
-423 -609
31 876
247 510
-428 -303
-306 -329
-489 89
222 -95
-490 -750
-252 232
513 465
-611 -55
285 223
870 -291
404 318
-528 31
-391 598
111 -805
89 -720
-783 -444
253 -866
699 -46
-196 -444
-898 807
-387 -920
-647 973
-309 738
360 -963
929 -529
826 -402
-236 -392
-143 921
592 -758
131 885
507 -750
-195 211
485 71
662 376
129 563
945 162
717 303
413 617
221 251
999 -492
295 -857
-625 -523
-953 640
376 594
754 266
360 977
647 -298
-545 191
-927 -191
421 -291
490 -982
-84 935
362 221
261 754
893 672
478 610
258 -183
601 805
271 746
423 304
498 -6
-189 548
531 -63
572 379
-59 576
362 -91
11 -229
-750 -86
327 388
180 363
-195 -171
-398 -358
-761 -774
235 722
130 632
-923 101
-491 750
536 720
705 87
7 77
-700 -248
-198 -364
680 812
295 734
-712 842
976 249
691 959
197 -303
-775 -146
-54 -783
-382 705
-605 469
-242 -678
-517 -549
-921 -854
628 -186
467 -227
457 591
917 -639
16 232
-845 -15
-133 -82
-526 898
-867 -693
525 -759
-662 -460
-411 918
-825 918
-206 -686
112 -696
-408 32
312 173
5 -941
-517 232
-970 636
800 540
-871 -866
-774 127
45 465
798 635
-650 -946
-754 289
-787 445
-268 -678
36 697
-758 -773
-857 205
-170 -780
318 862
-796 -219
735 -652
379 29
-672 21
-303 577
506 -800
682 278
-407 515
764 715
-928 -550
302 -603
-759 -987
-578 24
842 -316
-62 -289
-525 305
-777 489
-492 -262
869 0
732 -454
916 679
-660 404
951 847
842 -597
22 886
929 912
121 829
85 -104
880 420
436 393
-175 340
888 530
-183 840
-183 -348
643 697
-736 305
-202 421
983 -640
-1000 571
475 249
465 966
-941 -845
122 -732
-85 184
180 577
953 -751
405 613
560 -973
-754 -570
483 -26
-456 699
913 846
-164 543
862 216
817 382
243 227
-992 -433
-436 424
-396 526
623 471
-258 -843
413 -129
-428 -218
-608 954
921 -168
-956 -973
-8 363
-782 165
-982 -967
-169 273
871 -740
-860 -725
-791 -298
303 34
-180 529
-426 954
785 419
563 -552
-542 -707
-965 -999
976 912
-111 239
-904 -899
744 281
292 8
421 -706
93 472
307 406
558 -82
799 -651
-300 -433
-940 837
-398 31
337 -833
-223 -20
-954 117
-555 660
-722 -177
-662 116
326 944
61 -273
-212 -364
-793 -633
-125 -344
788 -614
658 38
626 -388
572 204
661 -483
330 -552
-345 199
-524 -862
-499 871
960 -410
-188 -299
-527 -180
-70 401
592 -730
-310 -292
296 677
655 304
539 265
-199 -659
-862 -781
110 -350
-462 -200
-473 244
986 100
891 413
-743 -200
-86 -620
796 -829
-577 -380
453 -600
185 620
103 -783
83 -125
-946 48
-626 102
476 494
800 592
-67 -990
822 501
284 -833
-107 -886
-306 906
-546 -668
636 247
896 -677
399 -321
-856 -277
260 -224
787 -264
-721 -383
-60 651
-629 -384
80 637
-353 539
-633 142
-675 759
61 802
628 -96
774 -982
-43 -67
-351 747
834 -225
571 -532
-350 22
148 609
-686 -480
15 127
-42 15
-78 44
-820 -922
-130 500
897 832
-856 986
525 540
-26 -455
618 -535
-459 566
-446 426
-9 485
694 -729
-918 -668
331 896
-461 -441
734 222
-182 -287
-376 -153
-1 -213
-515 -403
-502 -203
607 -939
384 182
383 -481
145 658
-717 614
335 7
-733 -922
-599 419
-626 -11
-763 198
-166 -416
-804 -336
24 -253
-338 743
-411 804
663 278
668 396
-614 853
713 -285
-711 -239
553 -489
535 -87
286 -343
-588 -476
15 -476
-936 -318
-485 -438
-117 -835
-418 -35
-464 331
-916 -729
738 -765
138 -217
-409 538
124 -87
-31 -999
809 -512
-909 765
-758 -766
881 842
-254 -160
160 780
776 -879
-836 92
-641 -502
664 956
-554 -884
-672 831
-853 105
-981 -232
-965 -780
285 829
-907 725
-952 887
-132 -58
354 -407
59 910
-351 571
-925 -313
291 -894
927 -819
-213 -867
553 581
-475 -769
485 679
923 -252
-405 314
112 657
834 651
-407 861
344 -183
316 -490
-386 -959
480 -47
-768 -831
996 -350
-542 -70
92 36
806 727
869 -139
-917 -364
-438 33
991 413
-273 858
692 -443
123 -255
929 -192
-942 -605
559 -595
-832 -525
-316 595
402 -528
365 -506
863 83
83 -442
292 311
864 -11
556 4
684 -189
-946 730
96 -120
704 -681
-805 -51
506 -362
-638 439
-715 -140
-686 737
291 672
834 -236
-376 110
-348 6
741 -857
538 -3
-219 -271
-635 110
-303 967
-120 359
990 165
683 -748
742 18
316 -414
-204 601
-945 -162
649 -250
-490 601
-949 -118
76 523
141 347
-900 -80
-918 508
-881 723
-69 324
-479 -730
360 -3
-843 59
-85 -517
-801 -142
784 -506
-161 -784
-552 -538
366 -840
29 -5
-128 361
-672 758
281 259
750 680
29 22
961 -635
-304 426
403 -509
524 101
141 37
560 -964
-211 -705
-107 778
246 -843
124 -858
305 900
611 -893
-734 -531
951 601
-459 -886
100 -900
23 302
839 -346
609 -227
-828 -618
-529 -940
-141 -316
-817 615
-666 527
5 -138
-123 -811
812 139
-870 -865
-650 802
-135 791
388 -859
-969 -762
625 -205
-244 -658
72 -611
-142 417
-585 461
173 -195
-661 -413
-827 -236
747 -515
846 508
528 -15
425 79
641 219
-573 -944
126 -418
491 235
931 777
-495 167
-84 247
-230 -708
-553 130
464 779
-348 822
-634 622
473 -978
-263 -20
-45 605
-941 233
-169 -342
745 -488
-729 569
-349 -274
-480 658
524 885
-273 337
31 777
-924 233
-175 -638
767 789
350 463
-74 861
252 -437
888 433
204 -513
28 645
991 -76
979 -487
-76 -61
-355 916
-625 -805
967 -836
438 -435
81 -315
229 840
-274 132
673 156
853 -962
-630 717
692 -862
249 -570
740 -817
-999 -457
535 -349
258 -771
270 -366
848 189
-217 223
-606 -84
-524 522
782 830
551 -186
466 265
-487 70
-234 -75
-662 -317
-963 -174
-862 172
107 502
-570 -341
224 690
551 496
-895 -593
-252 -420
856 -342
175 812
-686 -806
333 -608
-42 -294
-649 311
-26 551
830 969
-434 471
-869 -847
-71 -364
-380 84
130 -348
507 386
-536 -170
816 200
699 827
503 -896
867 463
404 -186
641 83
-749 -217
892 968
-252 760
-819 489
755 -672
-489 805
22 -909
925 968
-385 -228
-296 886
929 -185
-16 83
-352 712
-697 34
785 571
549 -569
609 761
-194 187
289 355
368 668
206 -81
825 -946
-705 -516
-395 -573
-185 307
356 -126
411 860
346 -122
302 -694
-671 -538
775 452
185 -708
692 705
-641 821
904 -561
443 516
191 384
-253 323
-541 -718
-419 887
327 730
-302 334
-640 444
-770 808
-44 -727
-476 927
922 -651
319 -347
705 -157
483 616
605 -976
593 5
684 -263
569 -522
278 42
-38 -631
-173 -12
85 15
918 970
-400 492
-617 681
150 -126
95 -223
91 997
604 -316
-291 -805
-892 -727
-633 274
823 -35
-609 -691
-835 856
159 -195
-50 -985
273 24
-960 668
307 568
-229 -626
409 -366
985 45
-782 97
-791 998
787 416
-654 -929
208 673
37 -399
473 652
-613 911
-607 982
-771 -745
617 509
611 -989
11 334
932 -580
275 -124
348 429
-88 -498
123 -673
-968 -981
-886 -826
-207 868
313 455
-420 662
516 -268
-941 -326
-364 310
259 243
785 -58
573 -316
629 936
935 443
284 -188
-624 -994
600 -398
688 -528
-559 -63
765 -352
633 -667
42 -481
-723 331
-118 732
391 697
-814 -99
80 -857
-595 -132
-316 -796
-199 -740
366 167
14 342
-254 643
-273 -668
793 613
569 -135
791 429
-296 -964
760 -185
-551 -113
617 549
-310 -400
212 763
126 -101
-269 -10
268 -839
-267 905
455 -262
-450 -522
-919 -245
-344 534
328 51
904 597
-358 48
-421 541
-171 -183
544 941
-353 -337
863 677
-412 661
758 -559
22 -519
405 720
399 990
895 -224
2 -313
-111 87
-769 -286
543 -352
357 655
-278 256
-895 92
30 357
-923 -242
-553 122
-444 -626
-237 -983
218 -722
562 350
873 166
523 -381
-370 751
-135 285
257 602
-446 226
-501 -162
359 438
-542 -675
-713 -703
-896 802
959 702
-894 -118
-580 -766
156 -324
913 -569
-630 -235
-556 821
-719 -316
-318 844
-349 -1
-797 -688
-334 -560
-232 -383
-484 272
-15 -203
-972 511
827 -827
273 -3
-121 81
-592 -633
-731 976
-315 -191
-177 41
575 -180
754 839
905 -251
-393 -948
-164 -230
-927 901
-270 -407
894 -442
-203 -969
-608 -158
422 -630
-730 264
858 -412
99 -419
-65 -100
-432 -205
-644 843
-307 -941
-922 143
-158 -180
654 -545
820 -345
600 -724
276 -314
-649 -960
433 153
676 -745
989 637
-338 246
749 -30
-965 940
74 567
860 867
-603 579
926 -349
440 947
637 436
551 -613
-893 13
-363 -469
254 -210
738 0
-448 -746
994 -237
416 2
-647 -734
-402 -317
-429 -487
-621 -501
336 445
-634 -381
-836 149
-949 -196
141 21
-9 832
-843 408
959 228
664 937
61 669
-729 -338
596 795
586 434
-245 950
-851 157
-235 -892
-751 163
-494 837
355 646
-978 -629
490 -328
-297 -967
618 193
-996 -298
325 296
720 -690
977 274
-146 -154
-539 -219
231 458
-323 792
-457 20
397 361
549 -5
481 602
825 902
339 -487
632 -805
-954 -838
-262 -727
-753 -333
621 -514
-12 -828
882 582
845 352
-603 -719
-938 573
-549 -785
950 -92
84 -342
442 -443
-465 -96
-37 -677
221 732
574 -841
845 -336
234 -660
167 289
580 -490
-108 -497
790 439
746 -576
30 -144
-106 824
802 488
130 966
434 -692
278 -98
870 243
714 -658
662 605
-774 880
-952 -760
-238 699
116 -178
-391 -138
292 -610
362 314
-921 229
172 -333
981 -247
516 -285
-436 706
-415 563
616 -731
-427 647
882 -930
-909 -468
-385 -70
627 512
217 287
-477 -610
972 -872
88 869
310 -48
786 357
-559 -886
237 -587
381 -965
595 -861
214 133
623 -151
-43 512
-291 -536
786 -473
750 -492
-713 365
71 -212
368 378
-360 -220
-513 629
-54 17
-900 -832
274 -48
857 -229
-334 99
67 38
-1 -71
884 422
717 681
-778 563
374 667
818 796
-743 499
327 839
-161 -742
-794 -711
217 347
537 926
742 775
-236 918
-479 -618
-93 -868
342 -261
-861 708
-219 -542
782 -895
735 808
-946 -336
718 119
178 -172
529 -179
-178 399
-764 -584
828 697
670 -800
-863 208
-428 -927
-261 669
155 -413
726 479
-277 168
-802 -394
110 929
782 -931
120 333
-985 -187
-719 -177
556 235
573 203
106 293
237 -771
-795 -194
-625 343
894 363
464 709
-687 89
-847 285
794 -827
-425 184
-457 680
300 -632
633 61
900 -426
-124 945
554 -295
-698 -59
696 -12
868 -942
789 -948
208 -741
-183 -828
151 -312
-595 -184
487 628
-515 -61
205 836
959 -259
636 241
-179 772
-998 613
-83 197
-140 767
-77 -521
-654 -542
556 -379
-619 752
-469 -202
-915 -866
-207 -453
-409 -539
149 276
-748 -283
755 927
677 -219
33 -994
689 907
-436 467
-663 -380
721 -277
-493 593
295 21
978 -897
-614 494
807 -639
-349 906
-847 396
626 688
-337 -305
-514 -30
854 -116
931 872
191 840
-982 40
24 -165
-778 868
938 -285
794 -719
-38 -356
873 -673
-615 -188
917 -775
726 -146
185 -53
932 470
-526 795
198 -213
712 726
-618 -594
-790 -760
53 86
743 327
236 653
313 -948
-943 826
764 -817
982 620
333 -210
-500 143
717 377
373 206
5 -675
470 598
-541 -868
-229 -957
226 -219
-476 713
-968 293
-611 225
-584 -790
-596 318
-584 800
483 155
-754 -710
758 -813
-189 -338
-906 -548
-343 125
780 320
233 701
81 554
293 -554
170 858
972 -171
81 -235
-309 944
94 -116
-255 231
-972 838
-277 883
-24 221
654 830
-611 595
164 -194
331 -818
333 -257
-338 615
-842 -740
986 107
919 138
-965 -564
775 689
-757 423
-358 -984
-547 -958
522 -276
-329 450
-685 -356
-164 -378
520 -172
791 244
676 133
468 638
123 429
-248 961
959 -760
-719 10
-866 962
-761 -668
360 -265
514 -174
-530 330
-827 -347
966 -882
888 603
-325 -876
-828 325
641 402
168 -732
807 588
632 991
197 -286
213 -557
693 166
343 375
334 504
902 954
-405 -640
217 -4
650 -921
-187 230
416 2
551 678
89 699
-771 -949
-722 510
31 -662
-1 318
-181 907
160 706
-946 691
737 847
286 798
-220 818
-908 -680
-877 858
711 25
186 928
595 -21
-320 373
-167 409
803 374
864 -858
-111 -978
-295 214
67 -56
-928 205
-700 751
606 930
-593 -267
156 -832
534 684
242 -679
159 -460
765 599
585 -686
190 705
-276 249
271 -986
334 855
977 -135
-302 431
-158 -999
-20 -546
-310 -325
575 604
-572 870
343 658
-407 843
-878 642
-105 127
744 631
-975 615
-52 -326
-959 -961
91 717
-711 615
434 248
630 -214
300 463
-523 -260
312 684
480 -97
-919 -498
641 -238
-617 -739
343 -57
-302 488
534 783
103 621
825 -75
-164 37
-317 835
277 -422
-510 453
-391 -395
-843 -824
254 -88
-988 542
832 533
-2 770
785 -135
-192 -254
-53 457
-31 -115
593 -905
123 -725
-348 289
-349 339
-496 326
106 -35
-58 -683
316 -875
-171 -907
69 -984
-334 235
67 159
38 -421
71 -859
-394 558
-299 -74
-674 811
-885 -986
-377 -107
943 939
200 -974
576 920
-904 308
303 998
209 133
-890 -799
-752 291
-122 973
969 742
815 -364
-648 698
152 -3
162 574
686 985
410 551
-775 -419
799 -959
-22 -441
786 404
-47 -256
-810 -993
-500 -371
-160 211
-967 -831
-130 -898
-692 -62
-284 339
252 566
33 563
519 890
-16 -566
-682 -946
43 152
-676 -127
889 538
936 -859
-824 996
553 -369
582 366
273 845
-711 424
-238 -796
559 -757
-171 -476
543 -402
-966 -326
-242 466
-534 435
-290 -902
-408 904
-287 -198
534 235
571 -501
819 -261
565 -745
210 839
798 -808
-634 -195
-996 -232
-823 878
368 -908
284 -16
168 274
-823 -897
526 -852
996 273
-115 104
32 500
275 405
-899 391
-910 372
543 738
-735 672
-709 -414
-800 -244
666 725
-807 920
-608 878
-351 -416
214 -666
-339 865
243 -864
850 -217
425 390
-299 616
-820 -283
-943 -121
174 -910
806 -921
-443 343
782 -676
-115 -2
-740 -385
-934 -151
14 -2
-602 572
-223 13
921 776
-541 237
-729 20
-221 615
51 698
948 470
-799 315
129 -802
-312 144
219 28
6 734
350 -452
190 869
626 801
909 -667
-708 421
123 862
-828 -963
380 -414
786 471
-506 -247
194 163
-419 -63
-90 -101
-71 -240
-85 609
505 152
19 -861
-511 -267
33 205
399 678
-28 348
-292 981
170 -70
-515 165
678 -693
233 695
-531 691
-331 521
-566 -671
-565 812
-863 -868
-310 -80
-736 -775
-266 -322
-527 390
-688 369
-148 -554
288 -734
905 -422
622 -705
484 -40
-111 824
-215 -822
-449 741
927 581
-862 -201
353 -764
-772 282
503 817
-495 -301
163 752
-989 252
-169 -536
907 -71
-28 703
-333 246
-962 641
577 -785
-885 -708
829 -5
-966 938
531 -634
-256 -996
-92 -742
989 -288
-985 89
957 -945
653 -630
-501 -682
-686 -339
-816 -498
479 -771
-647 378
-867 673
503 157
500 958
-257 -891
-879 -307
178 296
86 -236
-169 857
-629 436
723 679
34 543
731 355
-760 819
-912 411
-761 -984
-726 40
-199 -478
304 736
-936 -782
-126 -423
272 -289
-694 -229
-267 -787
-969 385
-447 -568
953 -340
-522 -257
171 -701
849 655
-551 778
351 27
707 670
378 597
26 219
-596 -84
-216 -710
437 -30
-932 955
-713 216
18 -950
589 -856
-415 -543
-356 222
430 -614
-862 981
-657 191
-997 170
-615 241
-605 543
-758 577
-75 158
739 -771
50 -441
77 -246
206 584
-627 987
-316 -903
818 -4
-679 -799
-182 461
-850 -360
229 766
-593 985
129 756
-56 -749
100 -523
-728 -610
-600 -859
-291 933
-591 -498
-241 -381
634 565
9 574
718 -385
-991 603
-398 -960
201 764
-433 443
174 -531
-531 139
782 903
555 -276
-345 -114
268 -377
954 894
923 25
-963 861
-465 111
224 860
585 335
24 -816
-662 -426
-601 -569
-702 538
-515 -135
-685 827
-56 -387
-444 -357
-938 852
401 70
-853 886
288 128
846 664
846 -54
238 983
-232 49
-718 932
-618 371
157 -309
-191 -50
-256 65
-42 311
-118 -135
-702 -604
-629 -653
-115 807
-906 -765
-877 -361
820 -55
893 -580
-715 818
-833 135
530 507
282 380
-930 877
993 -723
267 681
601 980
-296 960
-214 -804
392 -480
-270 -804
-82 -857
-871 -910
548 453
-97 376
379 -894
193 -586
-611 -567
186 388
846 -480
-842 -311
161 -203
-174 -555
695 -458
-945 -793
-878 -147
-122 636
679 -890
405 -443
258 -257
151 899
-236 939
-878 354
-809 850
-518 -97
-286 -919
899 -633
999 505
-316 -962
-6 607
-650 -775
-371 -816
-885 -936
-266 -522
812 723
-14 -741
59 208
-190 288
-41 782
-908 -37
974 578
-291 -836
477 123
-190 -710
-158 -668
389 -930
482 -299
492 27
263 -826
110 -39
225 -894
903 893
-866 68
331 -826
932 688
-777 -953
-582 -224
611 -868
39 265
-861 379
82 826
-915 -184
-728 65
421 -268
925 26
755 -797
185 -332
-298 -647
-413 -894
738 817
-852 43
-939 394
594 -130
-408 750
-891 485
161 -817
359 773
-235 -63
-420 864
586 126
-608 711
746 730
440 783
-141 884
-160 -354
748 -219
996 -46
594 984
-38 -97
977 -554
925 -125
-690 172
-779 -648
-847 -644
417 965
-976 749
-714 -815
998 -496
-991 821
-174 -544
472 -307
-436 693
943 -213
-942 37
-73 871
-639 487
-320 -457
79 294
383 -905
-539 -18
-293 822
107 -250
530 -19
11 -759
-760 428
343 483
-289 -814
-970 -635
434 -40
361 773
443 -741
-564 726
981 837
-232 -801
-581 -745
-538 778
15 -395
-162 -677
471 -98
-883 -965
290 -618
-971 -832
537 -239
-738 -213
-112 -114
-518 93
-5 62
231 -986
-563 -127
-147 428
492 -117
-809 -43
-671 -57
-594 98
-661 952
929 24
115 312
-495 -549
-198 671
-471 920
798 -638
266 -576
-549 549
756 -515
527 -274
-574 674
-90 -72
588 611
516 -768
671 -642
-159 672
586 84
-354 166
271 -1000
-218 -736
570 323
-833 502
429 66
-656 -29
-391 -499
-883 577
-326 372
-867 673
586 295
316 -748
-443 -846
45 633
-20 804
-393 -508
-365 203
-367 679
37 -898
-840 -753
663 -761
-324 -339
794 474
-85 -833
-102 22
-107 27
131 -185
-65 -345
212 261
755 -8
-645 -708
980 -299
288 -551
-369 -8
782 -674
-612 -111
12 -669
917 -330
793 -999
462 -150
-618 764
658 152
-99 196
702 461
111 360
630 -320
236 -192
-250 -97
-309 -539
-572 39
-662 -505
0 -17
287 -390
-3 -798
108 974
-311 967
113 458
24 415
-884 -315
-65 -390
-405 432
636 118
-142 -13
259 901
-952 626
-668 -71
876 924
-424 527
-651 321
665 -762
-553 493
-31 218
289 724
-197 -911
579 -836
-730 -846
-948 -270
232 973
98 -870
591 -294
683 -378
547 -766
-568 898
-345 -428
946 -54
-914 245
380 -135
-454 295
-984 655
815 613
821 894
950 872
758 833
-290 569
494 488
910 -668
-824 677
-507 -427
131 -83
833 -895
954 971
-802 787
65 407
-473 -830
987 -498
-104 -404
-119 382
-572 994
-211 0
514 159
-580 563
-734 501
786 -703
-802 -122
-32 880
139 -36
528 -9
975 -779
-151 330
780 991
-242 -331
-278 860
768 625
-972 98
644 181
296 -158
-545 509
-718 -878
286 -177
-46 -951
-925 256
921 -233
601 82
-733 639
-424 -568
-961 -14
996 920
-134 -360
-368 -277
920 493
-240 -76
-172 294
-148 -614
944 -561
-864 148
693 -413
880 -112
126 -761
809 -832
-464 195
259 402
609 974
-14 75
538 981
-740 271
647 167
917 111
-629 496
742 -17
816 -704
-228 259
444 968
524 437
335 736
244 -410
-55 280
93 -129
-168 -519
-196 850
-785 -218
-728 -222
-717 581
-873 476
175 916
-399 -224
-281 -919
-523 656
-311 347
-534 -781
-113 214
989 134
929 287
714 897
-856 -379
694 -686
-403 736
-695 856
576 -503
345 -755
629 101
-543 704
-424 670
368 -817
625 -640
814 862
-941 925
298 -250
-530 366
574 -915
164 -633
228 893
857 -138
882 324
-973 599
-208 792
481 263
-405 661
-264 515
-575 84
-791 844
-211 -935
-610 329
29 -55
147 121
-386 -922
1 -892
-855 -647
997 -196
983 -741
512 -795
-256 64
-425 734
1 -784
699 492
-180 291
339 706
-391 345
117 734
491 -61
420 98
461 209
450 -178
443 617
727 -441
-52 305
-726 -890
157 201
-260 -289
-630 -584
964 -148
-651 65
468 -986
-183 657
-821 -624
-105 -568
-12 -576
223 -174
876 -742
844 913
33 -390
-218 57
-427 -690
-165 -137
114 814
247 -673
-249 -375
-785 513
417 -3
-690 710
-443 -702
567 957
25 -492
457 -227
-350 668
-240 -586
-24 554
-376 -824
-298 -400
189 -129
-242 286
814 842
138 -587
-897 390
-980 -502
526 -676
-762 -566
893 -156
-810 -812
78 -987
201 -344
637 250
-575 186
551 274
305 306
-696 851
-891 419
-558 -116
302 69
473 614
-309 994
-260 -633
531 -406
-338 -349
-241 -748
-254 -354
917 -527
133 -381
414 670
373 826
-583 518
-816 425
825 209
-233 -374
601 46
-319 533
400 -232
396 -374
992 552
974 157
408 -90
-455 958
-807 -275
157 -93
101 -885
8 -251
403 241
249 228
559 237
-622 -296
751 -494
267 949
-255 -239
914 425
288 -26
-464 -490
885 -927
-808 -569
153 -849
-839 784
985 -252
883 -778
370 -489
-282 120
-660 187
645 553
-813 -698
-118 443
-496 -945
-13 -470
-841 265
-406 -222
-310 278
-462 -371
-838 -630
-899 -323
-163 -722
-181 -989
187 828
-644 697
-830 478
7 578
-518 46
979 -484
99 745
-222 -81
-758 -203
126 645
-485 -229
-917 694
544 691
12 382
-25 -276
-238 29
-895 -716
-417 876
-457 -406
329 -505
231 765
-918 11
301 897
131 -979
-531 -194
-799 980
524 68
360 164
910 -177
-452 472
-135 -382
-130 171
857 -365
115 -813
110 580
-511 -325
815 9
338 -692
-623 491
-21 871
-909 680
839 -383
689 900
-436 11
-360 -816
719 253
617 677
515 319
-345 -99
860 388
378 -177
-910 -909
-426 53
-623 35
437 699
109 -142
-367 742
563 594
430 -529
-53 -351
564 -949
713 -541
394 8
339 -674
493 374
989 834
161 303
-368 19
-961 388
-983 -748
668 -458
429 -846
-998 -642
-662 -758
-745 794
-615 -856
-45 20
864 669
-176 624
708 716
-654 929
-565 577
-603 297
415 -546
398 76
-769 452
-870 351
128 -806
-654 -637
-512 -787
352 -184
779 468
-373 655
390 815
334 192
-263 220
376 -380
-310 -235
140 672
-236 -231
424 559
791 -507
978 683
664 31
-689 -184
-871 -113
125 93
-316 603
-368 -560
945 -579
-630 -852
-522 579
-605 -431
142 -478
745 -599
818 -456
112 514
740 541
-758 -387
379 677
386 -862
217 -347
-797 958
648 911
-891 -70
226 331
999 937
688 -476
568 -722
122 -979
687 423
-946 -770
491 -134
-852 -657
-747 314
-419 -865
-222 -730
-61 161
-76 414
-852 -108
159 -733
-896 62
697 74
-422 676
779 509
564 -504
-412 910
-630 992
957 905
865 -785
-297 -635
-176 -222
432 -954
-276 681
245 642
98 688
-254 -707
750 344
-940 -364
24 327
-289 -637
-706 457
155 -61
-500 546
-391 804
-968 -447
-236 866
-790 242
515 -585
-56 384
-822 -419
-736 -988
-80 -18
-849 703
268 -838
351 193
-759 -956
-115 19
632 506
-905 -457
820 879
404 217
-352 6
350 -222
637 -19
235 714
408 -988
74 663
896 -776
8 -538
-43 -959
-430 -763
-868 756
-620 -806
-129 117
80 532
561 -163
-613 -964
-993 -700
-15 71
770 700
329 -309
385 474
18 523
-972 816
525 -159
899 11
197 -425
-196 -649
-71 -285
-684 266
330 -244
-795 484
-833 477
533 -415
-490 -731
679 776
-891 -985
491 387
-226 -43
-704 -837
529 725
442 95
-884 397
-241 -543
-594 -304
-149 -227
617 -636
787 55
-443 -801
806 160
-607 831
975 932
276 739
728 -508
370 -887
-951 -181
842 980
-2 -418
-164 -631
-394 485
536 839
-792 65
-63 -320
-960 -343
769 72
934 373
-90 -38
-545 438
-934 865
-994 -640
480 442
835 277
378 99
163 -321
-264 -640
-888 -247
-758 282
591 90
-249 68
831 -544
710 -340
89 -571
714 -103
-997 784
762 -665
-273 -181
14 -755
369 365
630 279
-691 -429
-108 885
-234 719
666 -929
-972 -355
494 -29
5 -450
-838 -419
-109 227
-817 -335
662 472
250 -120
561 394
-769 373
71 886
50 -125
976 -272
-828 333
39 -883
-646 201
-693 797
-774 434
-59 488
-177 48
-423 -940
-501 -762
-555 -368
-980 -792
-90 769
39 -393
-966 -954
-543 -293
-319 457
333 -84
861 773
-289 460
-488 -625
31 148
-428 290
186 -838
-115 875
-558 268
-693 -483
-907 -884
-476 450
587 359
-514 -944
649 979
114 803
-558 581
124 732
-323 205
143 -858
850 -961
693 -192
926 -210
916 524
-921 -138
-660 -876
-551 -74
509 -77
974 473
54 -585
380 -544
632 -943
472 -531
969 438
-280 686
20 -442
-10 -220
861 -218
-303 -736
2 508
126 297
-290 -265
443 -788
471 -1000
372 816
-9 785
-450 -860
-441 -968
993 -968
711 327
595 -203
-357 244
495 634
-416 -712
-843 -508
-692 -2
379 -936
-718 -101
961 80
-395 548
801 -623
-396 640
357 325
-348 -661
-253 121
507 -941
-764 -763
-536 -989
194 -29
449 586
-593 350
-908 599
-14 -87
-641 -733
-451 -440
-454 -821
-38 575
834 -407
164 790
-495 798
-223 -683
137 526
-115 338
784 840
178 -364
-988 -640
883 546
-241 90
440 -243
966 629
-876 -265
828 962
-110 655
852 -224
-178 -37
291 -90
384 816
212 -148
-62 -448
-203 -394
-669 -576
-898 301
837 837
50 -740
-944 107
974 804
-231 386
622 -612
205 293
-657 -279
-584 -8
-209 214
-414 -499
816 -960
217 -237
268 -783
-598 748
-653 439
280 346
-817 16
767 -459
-471 -733
514 -565
148 -226
832 -348
806 952
565 369
-121 -45
-243 -959
-205 -496
-876 560
761 558
-359 940
710 -784
-783 -524
204 -710
807 112
-869 -136
385 -265
130 507
126 993
-642 593
-661 874
-463 336
-939 944
62 -578
280 217
737 784
-346 -77
252 -147
-12 409
-357 927
-578 -849
-487 965
-853 475
-900 -921
955 -32
-853 760
-164 664
495 785
-772 -787
-841 -736
761 404
-90 908
-315 822
600 867
-155 -179
722 -398
-648 183
-442 592
-924 -374
805 -329
891 709
800 192
-675 734
167 -597
-968 -147
642 264
-837 596
-466 69
-536 105
702 628
103 18
403 -569
-905 -532
-617 -965
-993 -856
-717 -482
-125 -45
-47 -737
402 -528
859 -879
-372 -29
-638 475
737 861
-821 927
-203 -209
532 213
528 -755
228 259
961 -222
48 811
18 -327
345 -575
118 734
-781 759
-353 290
-191 696
-883 -971
-228 125
-111 3
-205 -721
239 -930
-693 -598
-286 -429
-888 393
-871 -676
-220 -252
895 -239
475 707
536 -564
-934 270
120 -248
428 -237
-674 741
-829 434
205 426
-328 -280
682 -137
250 -330
-719 -169
-78 -386
-93 -546
-649 -358
75 709
-787 857
-578 559
-455 -122
-816 614
495 -218
-61 887
-148 -386
682 -585
336 367
91 49
-909 -369
419 -195
376 869
356 446
686 -415
-519 391
3 357
347 -325
-716 164
876 -879
864 230
-576 496
-149 -251
299 -627
173 -377
-843 494
298 -536
-342 505
-515 467
399 638
733 -915
-577 -579
-766 -370
307 -522
-80 -244
64 -84
-670 198
137 -380
226 -566
-971 -576
917 -588
444 -14
932 -316
-420 -897
-988 491
-344 -558
-377 689
-961 -534
684 -411
986 274
609 -350
-369 154
553 427
-477 855
-216 -925
957 -748
-949 107
-955 930
-252 -519
43 452
-685 897
-349 48
-959 163
974 18
-426 -240
-923 -893
458 -214
-81 -415
-968 744
417 -788
911 51
-283 -979
-990 -785
851 -14
991 217
-821 -294
-35 522
965 810
286 53
320 970
964 931
663 607
-496 -536
130 -875
949 401
-776 -40
139 -51
753 -817
-464 117
-790 -522
-215 153
-270 839
-794 -215
945 -124
-973 -723
-935 -716
106 -751
660 232
-746 -704
349 -488
-237 763
490 718
657 150
711 703
184 560
254 801
-843 94
-862 -450
562 770
-692 852
-381 93
348 181
93 750
-143 -990
-927 -763
-125 943
918 -519
-531 -845
725 995
361 479
-83 853
-668 -216
-985 490
640 -413
-427 58
-536 748
3 -422
-834 -638
-433 143
288 674
-220 45
58 303
898 -976
-459 -5
266 486
-516 949
-603 -425
687 -545
756 -62
0 -166
258 469
-21 512
-778 8
291 94
-619 727
695 -772
148 682
-684 -389
203 563
-716 -950
69 340
-604 52
-61 170
947 873
880 -982
-890 679
-513 262
-952 -282
-831 443
991 45
-204 698
554 -972
965 -14
790 423
-619 583
640 -381
233 -783
965 448
-197 819
-475 -149
-226 -475
421 799
-817 -639
-892 -640
248 295
-683 275
-450 461
-533 -819
-118 39
292 743
52 -929
124 491
-902 592
-190 973
113 -107
-137 553
-973 457
947 165
438 218
-15 -590
318 672
27 325
-632 564
208 108
-649 750
-766 591
-84 671
-148 -267
-578 519
624 288
-23 580
-865 870
738 -727
738 -884
-647 54
-43 353
-553 409
-61 -539
-425 -415
285 -763
769 -565
-253 -861
49 -932
-747 -618
-138 729
563 -645
295 -555
673 -617
-288 728
-362 -230
-758 -391
52 -751
168 -456
-478 265
-691 -886
692 -549
523 -526
892 392
311 -855
10 -558
-55 -487
831 -828
-753 -676
15 207
-240 284
-75 435
926 -362
-336 6
373 -784
507 596
-256 -29
11 -493
-342 -601
1 -511
-30 -902
-785 -628
-136 -995
-569 30
581 -69
-65 -445
887 855
-415 601
921 385
479 659
-47 436
-156 -327
-398 463
869 -816
626 462
-890 850
-26 -748
345 185
362 -361
-463 -323
285 568
724 -57
-344 126
-417 705
-289 -146
-876 -435
-992 937
-81 -401
-967 482
454 183
6 746
-418 111
-856 -582
-966 -563
-335 909
319 -395
651 -409
-77 927
-872 -203
131 816
-204 -942
-940 120
631 -300
-63 -553
727 -383
915 -836
667 593
415 -84
-102 849
-856 -341
-671 -591
-138 -6
371 -485
-561 910
107 112
593 -855
-51 545
-911 759
906 -793
-658 582
-254 63
-177 -877
4 326
731 781
-927 604
-137 -88
-849 952
777 -623
-215 408
-372 889
-397 419
620 -144
-756 -818
49 -993
540 -489
-791 769
-3 721
-306 319
-138 348
423 -889
273 992
857 664
30 662
14 717
-543 691
-642 -621
839 -622
-246 -263
822 -3
-712 -253
-526 952
392 -965
955 -150
-316 -700
-636 728
-890 764
31 128
4 -562
-93 -849
551 -847
144 -257
330 817
-231 -687
957 296
-449 -669
744 8
543 574
-835 984
210 334
-234 904
-589 206
-290 -702
-403 32
924 -209
-702 -857
-7 51
904 161
434 -393
-515 804
970 -575
-116 211
-249 -606
696 732
-612 972
373 -862
599 -131
-378 451
673 700
-848 677
-909 815
-98 -767
216 -9
-450 -532
77 -584
569 -818
-812 -807
-145 353
-792 -156
800 -616
411 971
-72 441
475 24
482 -967
-572 94
221 -318
703 561
812 931
39 783
-522 -60
364 346
830 -731
-175 387
686 -222
-353 -604
652 933
-995 -55
559 -920
-41 140
42 837
-101 -596
-202 204
-125 234
-209 704
604 896
-699 14
-219 46
-750 843
835 818
523 121
-31 563
-608 870
-475 731
893 370
654 -994
-61 -646
-887 -533
225 934
131 526
507 -213
-951 607
-195 29
379 -325
489 -363
127 748
732 619
897 24
-402 33
-600 611
376 123
500 114
800 414
-348 -547
-64 -172
-364 -800
-219 169
-733 -257
67 390
578 -461
-314 -217
296 -171
-381 603
-669 325
-35 -168
122 -601
-221 -488
-579 -85
614 -668
830 -680
-503 651
824 581
545 815
365 324
892 60
-881 -182
-962 950
-876 -17
-122 -610
-932 -865
127 624
990 970
-974 -932
798 750
-343 959
-276 991
270 -994
502 -415
-942 -65
-979 386
-710 51
692 -890
-524 932
117 879
-297 903
895 633
888 941
10 -400
-455 124
-230 639
-84 -251
-15 -730
21 18
559 -697
541 -18
-683 349
-189 -496
248 -87
-595 -827
-240 858
-484 986
-480 -616
957 -845
-944 -242
508 -149
773 450
-221 -936
979 193
97 -390
569 -516
117 448
-358 -135
-151 -906
-84 888
-260 -849
105 -845
-824 748
931 592
962 470
-619 -362
543 -723
484 170
515 -787
-828 -539
-107 842
-41 675
63 -151
368 -325
994 682
502 -298
-10 629
772 -994
798 -464
-819 708
330 -822
796 -786
406 -985
-342 -37
-928 969
665 -44
663 -377
-195 -959
-225 476
-470 -763
576 -993
761 -296
-66 -517
532 623
-44 -646
545 905
506 115
-565 376
-539 668
-101 -965
429 270
-954 -652
-214 292
336 -694
-312 -625
-354 -739
793 -390
-167 722
-471 -844
-530 -710
237 671
-189 -285
325 -140
948 -758
-640 -975
-85 107
287 657
-914 424
146 342
50 -574
270 -27
-66 358
272 -723
410 151
-69 758
-330 -668
541 -205
-537 -635
-513 195
44 -152
-340 -791
-241 290
937 -170
-713 -844
674 -624
-390 -372
614 -175
-81 468
-808 479
-479 524
279 67
-336 -97
567 -600
658 -604
670 -942
-169 708
-677 -791
-150 -670
-176 160
-557 -740
-112 -458
633 -467
451 777
437 188
871 321
289 548
305 720
224 193
-383 -668
23 -972
-509 -345
665 419
-174 -44
336 -224
599 757
-937 -572
591 -963
677 -712
10 -65
835 272
-48 -22
255 -315
110 897
-87 317
766 555
138 -8
293 708
325 474
-683 542
886 -640
611 -760
566 -351
-557 -680
-47 194
-241 8
-642 -954
-361 971
893 -287
594 411
-16 455
-350 -384
192 -827
-570 382
416 -533
137 -772
-834 693
71 -580
518 661
-528 924
449 -417
-11 -248
186 -719
847 298
417 -740
-128 -928
921 -557
737 727
-276 -881
602 425
798 -532
816 -415
-242 948
-808 -249
-247 -554
-902 620
-727 595
-175 -461
363 149
974 874
239 267
700 -780
88 901
-145 -459
674 -695
-538 793
-237 -224
-449 -47
698 977
-183 859
948 87
-971 -339
-546 -143
182 -371
-731 -282
-473 -128
-119 -846
364 -467
-624 466
-144 653
-554 216
-83 962
370 251
619 865
916 287
-977 557
-789 892
741 -750
723 -290
392 970
-613 632
670 863
517 -171
33 -306
-394 -739
72 212
461 -64
-300 -24
-63 978
390 20
850 -653
-194 -895
-126 -631
-114 31
-707 -371
-755 -114
-29 207
-665 -628
230 567
705 939
814 825
-517 -675
666 852
-833 687
-206 551
405 -545
296 -960
-263 -276
716 403
100 697
318 -749
982 -483
830 672
-458 122
608 -915
736 -537
812 524
-787 92
353 169
657 42
-22 -464
-307 853
488 -84
-828 528
-962 -436
-485 131
764 356
202 330
307 -306
-657 -195
-568 779
-47 -889
580 522
-318 -506
583 -62
-802 271
-996 416
496 235
136 472
612 545
348 -950
-809 -143
490 -125
-310 923
-155 -483
566 730
321 564
-55 224
761 533
-98 734
799 197
-341 -256
-18 -693
-156 68
155 651
-35 677
-342 400
-804 -920
205 -267
-115 -14
39 401
943 -956
719 -579
-356 708
-784 34
262 905
701 916
-996 291
882 -187
-772 -172
-123 -697
370 -673
859 -878
-209 379
-120 654
-267 -236
-594 -402
-370 -993
-570 -759
252 -616
269 118
-436 346
181 467
884 -182
77 642
939 96
315 -783
872 -190
-459 -940
-814 943
735 -255
-714 549
-674 520
-889 -144
251 141
-880 144
308 -12
-91 -619
-596 -505
152 -966
867 663
535 -549
320 124
-942 -876
586 -757
-54 215
38 -189
-635 -518
539 740
-802 587
-607 -275
490 32
376 512
69 -193
837 4
-757 663
87 886
-62 554
24 -386
84 503
863 -823
-149 968
770 328
-715 -651
872 996
120 -910
-532 -356
366 844
-66 654
-239 236
-108 910
-814 277
-402 -683
-846 672
-121 24
-572 -191
-249 -300
-726 197
102 611
-453 -326
42 926
-409 284
-847 336
-95 -296
-502 370
411 -290
-834 -952
240 808
-260 -105
266 -959
-654 -863
19 52
-184 -449
-743 386
-906 -407
827 751
405 -907
32 698
-829 938
103 343
448 -560
472 -229
342 -57
938 -972
5 -48
-674 434
220 -229
-648 -363
-204 686
-595 356
262 30
744 -153
653 -499
119 530
438 337
-173 -529
-284 301
-771 -505
-176 -802
35 -180