514 -427
383 870
-386 -28
231 -417
-764 695
-873 -158
-43 -495
371 745
-20 507
928 -606
398 920
66 219
-145 659
128 -186
-752 806
356 -375
-154 41
526 133
-153 518
152 720
62 -795
-428 945
206 -599
-462 -585
434 822
-370 135
-61 -947
-874 -895
-429 -859
377 174
-538 -952
-390 -169
336 999
692 -619
825 -821
-41 352
-83 633
-127 -362
-703 -815
729 139
912 643
-556 -473
-733 351
298 593
415 88
642 678
583 -125
698 -59
114 -430
243 -534
-152 775
313 -939
-137 -153
-751 566
514 590
-341 840
392 392
54 -729
-542 -205
-238 -449
-26 175
913 -94
569 622
327 -330
578 30
689 137
793 112
-734 -495
718 484
-360 133
181 -717
-436 -847
-961 488
504 -758
469 -356
468 431
-995 -770
-679 -521
79 -389
-122 -675
-175 -513
-175 -683
-321 616
-523 986
-74 -542
-967 -251
463 501
562 108
793 872
-161 501
-833 880
-63 -667
601 -839
574 -551
-402 -353
-981 -144
-378 41
-970 -749
382 -957
422 514
373 999
106 301
723 728
-194 -405
-886 730
-547 -614
420 913
-720 -44
92 -444
964 -661
-936 -131
457 -623
676 -511
-698 -58
554 -57
-694 -242
-707 -554
590 110
182 -641
-537 755
645 276
-201 -304
601 -141
-894 338
-614 -572
254 561
83 -901
932 -11
382 -679
-380 754
-184 -395
-795 -798
-157 867
713 -466
186 -753
894 -903
863 376
-959 872
736 -916
302 -750
-679 -21
-686 464
-61 -918
529 -816
649 -489
-300 364
379 244
-198 530
-885 258
-801 -704
-683 44
538 175
-4 -356
-640 -887
191 413
646 311
-949 815
-781 -709
-518 641
-604 -810
-631 830
-342 408
-873 470
-178 930
-599 -552
804 153
-374 73
-3 -470
800 211
614 -460
-118 221
-898 -698
-667 -717
693 -282
830 66
432 -741
-510 770
-871 -296
-816 16
-188 566
608 -953
-644 -404
-162 187
-997 -338
-914 721
-104 943
-925 766
-853 -812
-101 91
-516 -474
930 -46
-726 -573
567 -649
711 658
-949 -426
640 -734
629 -763
331 -818
499 21
713 -738
-244 -469
-149 285
80 -75
112 -253
-96 875
316 -433
698 -428
-235 146
-323 658
967 -118
-53 -309
-376 841
-548 -587
-363 -878
-609 125
-486 -48
396 83
881 -925
757 662
386 456
586 984
-759 627
-437 29
-202 460
-488 -219
237 867
709 564
365 -895
-663 779
-530 572
886 -572
-829 807
-77 -577
-928 -844
84 292
997 -153
171 452
-952 760
-776 385
-432 404
-276 -858
-819 -639
315 292
6 -260
-432 763
10 241
-902 -239
-520 854
788 -766
346 117
35 900
92 484
280 69
475 338
341 -269
-856 -64
-196 -248
715 -151
-269 -911
52 -944
436 361
-851 -491
-79 294
-148 -157
693 -208
-251 -695
613 377
523 -302
-699 462
247 516
-377 344
225 -366
30 -865
683 382
-512 540
-434 -817
394 9
-68 -6
974 -136
580 -800
-840 669
-797 276
-802 136
-616 535
-987 -317
-144 242
544 916
496 -785
-636 95
513 -779
7 588
870 734
-618 -896
-215 -842
-858 -197
-141 -254
-606 -707
746 -853
-701 981
-188 342
894 -296
-950 321
-234 858
408 171
947 -467
481 529
-469 -317
-976 -911
-564 865
-167 -467
139 290
-99 -643
279 148
237 913
423 -348
-875 34
-686 -719
186 964
-467 223
-498 347
-402 -357
-208 -586
336 294
-527 -916
-881 -688
688 97
-205 994
-136 -267
602 295
-401 -102
894 344
495 545
-522 915
338 288
-473 -137
-490 -543
571 703
208 489
-630 -280
396 739
421 65
339 -119
-766 -546
341 654
-96 -471
-458 651
-804 678
-219 -891
29 176
-185 631
954 -795
403 898
-996 812
-570 957
350 -450
-650 442
400 -744
-316 -650
-694 -5
-389 -436
-818 -306
-715 -680
150 -895
-324 627
381 190
189 -160
665 -546
-535 145
-778 294
742 -553
286 -292
-557 -588
20 -919
-72 -210
-959 -563
859 67
-11 858
-305 996
-513 174
-57 -785
-808 -576
-87 -579
329 758
365 -76
509 -367
868 554
641 -954
-682 -377
-745 -647
-12 469
-182 280
332 919
-948 881
-678 259
443 417
267 829
-189 -902
381 482
349 672
-397 -402
356 -399
-491 666
440 -81
-732 -539
427 987
330 -674
-919 -721
-944 171
438 791
73 265
-305 445
364 -975
-446 385
63 -269
249 -575
846 -782
-271 -838
-437 188
617 843
-608 628
-506 -45
-464 509
-221 71
427 -779
886 -799
-336 571
830 -217
828 -689
-152 279
-335 -987
273 365
403 630
38 849
443 -941
-873 -32
350 294
-342 469
-584 -105
-885 259
-750 951
481 -894
-509 -499
348 -205
-638 -885
90 -270
297 -148
970 487
-715 -548
952 985
890 -860
-10 848
-188 -208
-709 165
-792 287
-395 -280
56 -217
699 93
86 306
-99 53
-272 -360
589 676
89 -469
-346 -316
-295 713
-438 790
-998 -462
891 336
-973 -490
655 983
-46 361
-554 -390
642 -777
151 -8
-3 -834
118 -496
682 972
-638 -413
631 -170
-212 312
50 -991
274 92
833 -495
-136 -637
977 668
-488 752
-724 826
257 -356
292 -436
-165 -793
140 38
-742 -328
101 25
128 -334
-251 -239
765 886
757 -744
-542 -897
-399 -778
548 -866
882 358
